409
474
482
496
526
457
474
466
432
428
433
405
405
403
404
403
403
404
441
463
426
408
404
404
403
404
404
404
404
405
403
404
403
404
403
404
404
403
403
403
403
403
404
404
404
404
404
404
404
404
403
404
403
404
405
404
440
440
439
446
437
433
417
416
415
418
422
406
405
406
404
404
403
403
413
413
406
405
404
404
463
471
453
418
426
425
425
408
413
409
408
404
405
405
405
404
404
413
408
405
422
412
404
404
405
405
403
404
406
410
406
406
405
429
430
414
417
415
421
414
408
428
414
405
424
406
404
406
406
405
405
405
405
408
405
404
406
404
404
411
415
416
432
423
428
404
404
403
420
426
406
412
440
416
405
405
405
404
405
405
403
404
404
405
404
404
404
405
406
418
423
435
438
427
434
456
441
415
415
413
406
405
406
406
405
421
457
416
422
411
404
486
540
470
432
412
408
405
405
406
438
415
406
429
446
476
487
458
429
422
410
410
408
434
410
426
415
414
438
428
430
425
437
439
418
429
444
427
418
430
427
424
409
405
414
421
410
406
405
406
412
405
405
405
404
405
406
404
404
405
404
403
410
404
404
406
404
405
404
405
403
405
405
404
404
411
404
440
451
450
458
447
489
478
415
408
405
453
415
448
437
437
446
435
413
406
403
405
404
404
404
418
403
404
404
405
404
403
404
404
405
404
404
404
404
404
404
405
405
404
404
405
404
404
460
409
416
427
424
410
403
405
405
404
404
404
404
406
405
404
404
404
423
412
405
405
406
406
405
406
406
405
404
405
405
405
409
405
418
412
416
409
413
413
404
405
404
405
449
411
405
405
404
404
404
406
403
405
405
403
404
404
405
404
404
403
404
405
405
404
405
404
404
404
405
404
405
404
404
405
405
405
404
404
450
403
404
404
404
404
405
404
406
404
404
403
404
404
405
404
403
405
404
406
468
533
444
463
480
451
473
439
439
512
423
434
439
435
404
405
405
408
405
404
405
535
412
406
405
404
405
410
404
404
404
405
405
404
404
405
404
404
404
404
404
405
405
406
410
404
405
404
405
403
404
404
404
405
404
404
405
404
404
405
404
405
405
405
404
403
405
404
405
405
406
405
404
404
406
404
445
446
449
428
434
447
439
442
410
435
435
428
460
446
457
415
406
405
405
404
404
404
404
404
404
404
404
406
404
405
404
439
438
439
463
448
441
414
413
410
406
405
404
404
404
404
404
403
404
405
405
405
456
460
440
480
481
415
425
471
459
494
506
453
478
486
487
486
446
464
417
408
406
434
429
435
426
444
418
440
429
414
433
430
427
408
415
434
440
436
434
427
435
429
433
427
433
433
409
405
420
411
415
412
409
405
408
405
408
414
405
405
405
405
404
410
414
412
406
405
405
422
406
404
414
424
414
414
417
417
429
424
411
459
459
441
418
406
406
406
405
404
404
404
405
405
404
405
403
404
404
405
405
405
403
405
404
403
404
404
404
404
405
405
404
404
404
405
404
404
404
404
430
505
483
423
405
404
404
405
404
404
404
403
405
404
404
404
412
405
404
403
403
404
483
482
501
482
498
476
435
426
434
433
463
428
428
424
412
405
404
403
403
406
404
410
413
411
415
408
406
404
421
417
408
405
404
403
403
404
405
403
404
404
405
404
404
404
405
405
405
404
405
405
405
404
404
403
405
404
405
404
404
404
404
404
405
403
404
404
403
404
404
404
405
404
408
404
404
405
403
405
404
404
404
404
404
403
404
404
404
405
404
404
405
404
404
408
406
410
405
406
405
404
404
408
404
404
405
406
405
403
405
406
406
409
405
412
406
405
405
403
413
409
406
403
403
405
406
405
412
406
404
405
404
403
404
404
404
404
403
412
412
408
403
403
404
403
406
405
404
404
403
404
409
403
404
405
404
406
413
406
404
403
404
408
405
405
404
404
403
412
412
413
406
412
404
404
415
